/* Image: I locX locY locZ w h pixW pixH normX normY normZ */
I -1.0 1.0 -2.0 200 200 .01 .01 0.0 0.0 1.0

/* Eye: E locX locY locZ */
E 0.0 0.0 -10.0

/* Simple Source: SS locX locY locZ rad R G B indRef totScale shadScale mirScale glasScale ambScale */  
SS 1.0 1.0 -20.0 1.0 160 230 220 1.0 1.0 0.0 0.0 0.0 0.0

/* Plane: PL normX normY normZ offset R G B indRef totScale shadScale mirScale glasScale ambScale */  
PL 0.0 	1.0  0.0  2.0  200  50  50 1.8  1.0  0.6 0.2 0.03 0.3	//Bottom
PL 1.0 	0.0  0.0  2.0  100 254 100 1.8  1.0  0.6 0.2 0.03 0.3 	//Left
PL 0.0 	-1.0 0.0  2.0  150 150 250 1.8  1.0  0.6 0.2 0.03 0.3 	//Top
PL -1.0 0.0  0.0  2.0  250 250 20  1.8  1.0  0.6 0.2 0.03 0.3	//Right
PL 0.0 	0.0  -1.0 50.0 255 0   0   1.8  1.0  0.6 0.2 0.03 0.3	//Back 
PL 0.0 	0.0  1.0  50.0 255 0   255 1.8  1.0  0.6 0.2 0.03 0.3	//Front

/* Sphere: SP locX locY locZ rad R G B indRef totScale shadScale mirScale glasScale ambScale */
SP -0.8 -0.8 -0.8 0.2 255 255 255 1.2 1.0 0.0 0.0 1.0 0.01
SP -0.8 -0.8 -0.4 0.2 255 255 255 1.2 1.0 0.0 0.0 1.0 0.01
SP -0.8 -0.8 0.0 0.2 255 255 255 1.2 1.0 0.0 0.0 1.0 0.01
SP -0.8 -0.8 0.4 0.2 255 255 255 1.2 1.0 0.0 0.0 1.0 0.01
SP -0.8 -0.8 0.8 0.2 255 255 255 1.2 1.0 0.0 0.0 1.0 0.01
SP -0.8 -0.4 -0.8 0.2 255 255 255 1.2 1.0 0.0 0.0 1.0 0.01
SP -0.8 -0.4 -0.4 0.2 255 255 255 1.2 1.0 0.0 0.0 1.0 0.01
SP -0.8 -0.4 0.0 0.2 255 255 255 1.2 1.0 0.0 0.0 1.0 0.01
SP -0.8 -0.4 0.4 0.2 255 255 255 1.2 1.0 0.0 0.0 1.0 0.01
SP -0.8 -0.4 0.8 0.2 255 255 255 1.2 1.0 0.0 0.0 1.0 0.01
SP -0.8 0.0 -0.8 0.2 255 255 255 1.2 1.0 0.0 0.0 1.0 0.01
SP -0.8 0.0 -0.4 0.2 255 255 255 1.2 1.0 0.0 0.0 1.0 0.01
SP -0.8 0.0 0.0 0.2 255 255 255 1.2 1.0 0.0 0.0 1.0 0.01
SP -0.8 0.0 0.4 0.2 255 255 255 1.2 1.0 0.0 0.0 1.0 0.01
SP -0.8 0.0 0.8 0.2 255 255 255 1.2 1.0 0.0 0.0 1.0 0.01
SP -0.8 0.4 -0.8 0.2 255 255 255 1.2 1.0 0.0 0.0 1.0 0.01
SP -0.8 0.4 -0.4 0.2 255 255 255 1.2 1.0 0.0 0.0 1.0 0.01
SP -0.8 0.4 0.0 0.2 255 255 255 1.2 1.0 0.0 0.0 1.0 0.01
SP -0.8 0.4 0.4 0.2 255 255 255 1.2 1.0 0.0 0.0 1.0 0.01
SP -0.8 0.4 0.8 0.2 255 255 255 1.2 1.0 0.0 0.0 1.0 0.01
SP -0.8 0.8 -0.8 0.2 255 255 255 1.2 1.0 0.0 0.0 1.0 0.01
SP -0.8 0.8 -0.4 0.2 255 255 255 1.2 1.0 0.0 0.0 1.0 0.01
SP -0.8 0.8 0.0 0.2 255 255 255 1.2 1.0 0.0 0.0 1.0 0.01
SP -0.8 0.8 0.4 0.2 255 255 255 1.2 1.0 0.0 0.0 1.0 0.01
SP -0.8 0.8 0.8 0.2 255 255 255 1.2 1.0 0.0 0.0 1.0 0.01
SP -0.4 -0.8 -0.8 0.2 255 255 255 1.2 1.0 0.0 0.0 1.0 0.01
SP -0.4 -0.8 -0.4 0.2 255 255 255 1.2 1.0 0.0 0.0 1.0 0.01
SP -0.4 -0.8 0.0 0.2 255 255 255 1.2 1.0 0.0 0.0 1.0 0.01
SP -0.4 -0.8 0.4 0.2 255 255 255 1.2 1.0 0.0 0.0 1.0 0.01
SP -0.4 -0.8 0.8 0.2 255 255 255 1.2 1.0 0.0 0.0 1.0 0.01
SP -0.4 -0.4 -0.8 0.2 255 255 255 1.2 1.0 0.0 0.0 1.0 0.01
SP -0.4 -0.4 -0.4 0.2 255 255 255 1.2 1.0 0.0 0.0 1.0 0.01
SP -0.4 -0.4 0.0 0.2 255 255 255 1.2 1.0 0.0 0.0 1.0 0.01
SP -0.4 -0.4 0.4 0.2 255 255 255 1.2 1.0 0.0 0.0 1.0 0.01
SP -0.4 -0.4 0.8 0.2 255 255 255 1.2 1.0 0.0 0.0 1.0 0.01
SP -0.4 0.0 -0.8 0.2 255 255 255 1.2 1.0 0.0 0.0 1.0 0.01
SP -0.4 0.0 -0.4 0.2 255 255 255 1.2 1.0 0.0 0.0 1.0 0.01
SP -0.4 0.0 0.0 0.2 255 255 255 1.2 1.0 0.0 0.0 1.0 0.01
SP -0.4 0.0 0.4 0.2 255 255 255 1.2 1.0 0.0 0.0 1.0 0.01
SP -0.4 0.0 0.8 0.2 255 255 255 1.2 1.0 0.0 0.0 1.0 0.01
SP -0.4 0.4 -0.8 0.2 255 255 255 1.2 1.0 0.0 0.0 1.0 0.01
SP -0.4 0.4 -0.4 0.2 255 255 255 1.2 1.0 0.0 0.0 1.0 0.01
SP -0.4 0.4 0.0 0.2 255 255 255 1.2 1.0 0.0 0.0 1.0 0.01
SP -0.4 0.4 0.4 0.2 255 255 255 1.2 1.0 0.0 0.0 1.0 0.01
SP -0.4 0.4 0.8 0.2 255 255 255 1.2 1.0 0.0 0.0 1.0 0.01
SP -0.4 0.8 -0.8 0.2 255 255 255 1.2 1.0 0.0 0.0 1.0 0.01
SP -0.4 0.8 -0.4 0.2 255 255 255 1.2 1.0 0.0 0.0 1.0 0.01
SP -0.4 0.8 0.0 0.2 255 255 255 1.2 1.0 0.0 0.0 1.0 0.01
SP -0.4 0.8 0.4 0.2 255 255 255 1.2 1.0 0.0 0.0 1.0 0.01
SP -0.4 0.8 0.8 0.2 255 255 255 1.2 1.0 0.0 0.0 1.0 0.01
SP 0.0 -0.8 -0.8 0.2 255 255 255 1.2 1.0 0.0 0.0 1.0 0.01
SP 0.0 -0.8 -0.4 0.2 255 255 255 1.2 1.0 0.0 0.0 1.0 0.01
SP 0.0 -0.8 0.0 0.2 255 255 255 1.2 1.0 0.0 0.0 1.0 0.01
SP 0.0 -0.8 0.4 0.2 255 255 255 1.2 1.0 0.0 0.0 1.0 0.01
SP 0.0 -0.8 0.8 0.2 255 255 255 1.2 1.0 0.0 0.0 1.0 0.01
SP 0.0 -0.4 -0.8 0.2 255 255 255 1.2 1.0 0.0 0.0 1.0 0.01
SP 0.0 -0.4 -0.4 0.2 255 255 255 1.2 1.0 0.0 0.0 1.0 0.01
SP 0.0 -0.4 0.0 0.2 255 255 255 1.2 1.0 0.0 0.0 1.0 0.01
SP 0.0 -0.4 0.4 0.2 255 255 255 1.2 1.0 0.0 0.0 1.0 0.01
SP 0.0 -0.4 0.8 0.2 255 255 255 1.2 1.0 0.0 0.0 1.0 0.01
SP 0.0 0.0 -0.8 0.2 255 255 255 1.2 1.0 0.0 0.0 1.0 0.01
SP 0.0 0.0 -0.4 0.2 255 255 255 1.2 1.0 0.0 0.0 1.0 0.01
SP 0.0 0.0 0.0 0.2 255 255 255 1.2 1.0 0.0 0.0 1.0 0.01
SP 0.0 0.0 0.4 0.2 255 255 255 1.2 1.0 0.0 0.0 1.0 0.01
SP 0.0 0.0 0.8 0.2 255 255 255 1.2 1.0 0.0 0.0 1.0 0.01
SP 0.0 0.4 -0.8 0.2 255 255 255 1.2 1.0 0.0 0.0 1.0 0.01
SP 0.0 0.4 -0.4 0.2 255 255 255 1.2 1.0 0.0 0.0 1.0 0.01
SP 0.0 0.4 0.0 0.2 255 255 255 1.2 1.0 0.0 0.0 1.0 0.01
SP 0.0 0.4 0.4 0.2 255 255 255 1.2 1.0 0.0 0.0 1.0 0.01
SP 0.0 0.4 0.8 0.2 255 255 255 1.2 1.0 0.0 0.0 1.0 0.01
SP 0.0 0.8 -0.8 0.2 255 255 255 1.2 1.0 0.0 0.0 1.0 0.01
SP 0.0 0.8 -0.4 0.2 255 255 255 1.2 1.0 0.0 0.0 1.0 0.01
SP 0.0 0.8 0.0 0.2 255 255 255 1.2 1.0 0.0 0.0 1.0 0.01
SP 0.0 0.8 0.4 0.2 255 255 255 1.2 1.0 0.0 0.0 1.0 0.01
SP 0.0 0.8 0.8 0.2 255 255 255 1.2 1.0 0.0 0.0 1.0 0.01
SP 0.4 -0.8 -0.8 0.2 255 255 255 1.2 1.0 0.0 0.0 1.0 0.01
SP 0.4 -0.8 -0.4 0.2 255 255 255 1.2 1.0 0.0 0.0 1.0 0.01
SP 0.4 -0.8 0.0 0.2 255 255 255 1.2 1.0 0.0 0.0 1.0 0.01
SP 0.4 -0.8 0.4 0.2 255 255 255 1.2 1.0 0.0 0.0 1.0 0.01
SP 0.4 -0.8 0.8 0.2 255 255 255 1.2 1.0 0.0 0.0 1.0 0.01
SP 0.4 -0.4 -0.8 0.2 255 255 255 1.2 1.0 0.0 0.0 1.0 0.01
SP 0.4 -0.4 -0.4 0.2 255 255 255 1.2 1.0 0.0 0.0 1.0 0.01
SP 0.4 -0.4 0.0 0.2 255 255 255 1.2 1.0 0.0 0.0 1.0 0.01
SP 0.4 -0.4 0.4 0.2 255 255 255 1.2 1.0 0.0 0.0 1.0 0.01
SP 0.4 -0.4 0.8 0.2 255 255 255 1.2 1.0 0.0 0.0 1.0 0.01
SP 0.4 0.0 -0.8 0.2 255 255 255 1.2 1.0 0.0 0.0 1.0 0.01
SP 0.4 0.0 -0.4 0.2 255 255 255 1.2 1.0 0.0 0.0 1.0 0.01
SP 0.4 0.0 0.0 0.2 255 255 255 1.2 1.0 0.0 0.0 1.0 0.01
SP 0.4 0.0 0.4 0.2 255 255 255 1.2 1.0 0.0 0.0 1.0 0.01
SP 0.4 0.0 0.8 0.2 255 255 255 1.2 1.0 0.0 0.0 1.0 0.01
SP 0.4 0.4 -0.8 0.2 255 255 255 1.2 1.0 0.0 0.0 1.0 0.01
SP 0.4 0.4 -0.4 0.2 255 255 255 1.2 1.0 0.0 0.0 1.0 0.01
SP 0.4 0.4 0.0 0.2 255 255 255 1.2 1.0 0.0 0.0 1.0 0.01
SP 0.4 0.4 0.4 0.2 255 255 255 1.2 1.0 0.0 0.0 1.0 0.01
SP 0.4 0.4 0.8 0.2 255 255 255 1.2 1.0 0.0 0.0 1.0 0.01
SP 0.4 0.8 -0.8 0.2 255 255 255 1.2 1.0 0.0 0.0 1.0 0.01
SP 0.4 0.8 -0.4 0.2 255 255 255 1.2 1.0 0.0 0.0 1.0 0.01
SP 0.4 0.8 0.0 0.2 255 255 255 1.2 1.0 0.0 0.0 1.0 0.01
SP 0.4 0.8 0.4 0.2 255 255 255 1.2 1.0 0.0 0.0 1.0 0.01
SP 0.4 0.8 0.8 0.2 255 255 255 1.2 1.0 0.0 0.0 1.0 0.01
SP 0.8 -0.8 -0.8 0.2 255 255 255 1.2 1.0 0.0 0.0 1.0 0.01
SP 0.8 -0.8 -0.4 0.2 255 255 255 1.2 1.0 0.0 0.0 1.0 0.01
SP 0.8 -0.8 0.0 0.2 255 255 255 1.2 1.0 0.0 0.0 1.0 0.01
SP 0.8 -0.8 0.4 0.2 255 255 255 1.2 1.0 0.0 0.0 1.0 0.01
SP 0.8 -0.8 0.8 0.2 255 255 255 1.2 1.0 0.0 0.0 1.0 0.01
SP 0.8 -0.4 -0.8 0.2 255 255 255 1.2 1.0 0.0 0.0 1.0 0.01
SP 0.8 -0.4 -0.4 0.2 255 255 255 1.2 1.0 0.0 0.0 1.0 0.01
SP 0.8 -0.4 0.0 0.2 255 255 255 1.2 1.0 0.0 0.0 1.0 0.01
SP 0.8 -0.4 0.4 0.2 255 255 255 1.2 1.0 0.0 0.0 1.0 0.01
SP 0.8 -0.4 0.8 0.2 255 255 255 1.2 1.0 0.0 0.0 1.0 0.01
SP 0.8 0.0 -0.8 0.2 255 255 255 1.2 1.0 0.0 0.0 1.0 0.01
SP 0.8 0.0 -0.4 0.2 255 255 255 1.2 1.0 0.0 0.0 1.0 0.01
SP 0.8 0.0 0.0 0.2 255 255 255 1.2 1.0 0.0 0.0 1.0 0.01
SP 0.8 0.0 0.4 0.2 255 255 255 1.2 1.0 0.0 0.0 1.0 0.01
SP 0.8 0.0 0.8 0.2 255 255 255 1.2 1.0 0.0 0.0 1.0 0.01
SP 0.8 0.4 -0.8 0.2 255 255 255 1.2 1.0 0.0 0.0 1.0 0.01
SP 0.8 0.4 -0.4 0.2 255 255 255 1.2 1.0 0.0 0.0 1.0 0.01
SP 0.8 0.4 0.0 0.2 255 255 255 1.2 1.0 0.0 0.0 1.0 0.01
SP 0.8 0.4 0.4 0.2 255 255 255 1.2 1.0 0.0 0.0 1.0 0.01
SP 0.8 0.4 0.8 0.2 255 255 255 1.2 1.0 0.0 0.0 1.0 0.01
SP 0.8 0.8 -0.8 0.2 255 255 255 1.2 1.0 0.0 0.0 1.0 0.01
SP 0.8 0.8 -0.4 0.2 255 255 255 1.2 1.0 0.0 0.0 1.0 0.01
SP 0.8 0.8 0.0 0.2 255 255 255 1.2 1.0 0.0 0.0 1.0 0.01
SP 0.8 0.8 0.4 0.2 255 255 255 1.2 1.0 0.0 0.0 1.0 0.01
SP 0.8 0.8 0.8 0.2 255 255 255 1.2 1.0 0.0 0.0 1.0 0.01


