Pixel (X, Y):
(198, 180)

Test World:
13630784

Sources:
0 --> 14089520

Objects:
0 --> 14089624
1 --> 14089728
2 --> 14089832
3 --> 14089936
4 --> 14090040
5 --> 14090144
6 --> 14090248
7 --> 14090352
8 --> 14090456
9 --> 14089520

==========================

(0, 0)(0.315000, 0.000000, 0.000000) : 13630784
(1, 1)-----(0.000000, 0.000000, 0.000000) : 0
(2, 2)----------(0.000000, 0.000000, 0.000000) : 0
(3, 3)---------------(0.000000, 0.000000, 0.000000) : 0
(4, 4)--------------------(0.000000, 0.000000, 0.000000) : 0
(4, 5)--------------------(0.000000, 0.000000, 0.000000) : 0
(4, 6)--------------------(0.000000, 0.000000, 0.000000) : 0
(4, 7)--------------------(0.000000, 0.000000, 0.000000) : 0
(3, 8)---------------(0.000000, 0.000000, 0.000000) : 0
(4, 9)--------------------(0.000000, 0.000000, 0.000000) : 0
(4, 10)--------------------(0.000000, 0.000000, 0.000000) : 0
(4, 11)--------------------(0.000000, 0.000000, 0.000000) : 0
(4, 12)--------------------(0.000000, 0.000000, 0.000000) : 0
(3, 13)---------------(0.000000, 0.000000, 0.000000) : 0
(4, 14)--------------------(0.000000, 0.000000, 0.000000) : 0
(4, 15)--------------------(0.000000, 0.000000, 0.000000) : 0
(4, 16)--------------------(0.000000, 0.000000, 0.000000) : 0
(4, 17)--------------------(0.000000, 0.000000, 0.000000) : 0
(3, 18)---------------(0.000000, 0.000000, 0.000000) : 0
(4, 19)--------------------(0.000000, 0.000000, 0.000000) : 0
(4, 20)--------------------(0.000000, 0.000000, 0.000000) : 0
(4, 21)--------------------(0.000000, 0.000000, 0.000000) : 0
(4, 22)--------------------(0.000000, 0.000000, 0.000000) : 0
(2, 23)----------(0.000000, 0.000000, 0.000000) : 0
(3, 24)---------------(0.000000, 0.000000, 0.000000) : 0
(4, 25)--------------------(0.000000, 0.000000, 0.000000) : 0
(4, 26)--------------------(0.000000, 0.000000, 0.000000) : 0
(4, 27)--------------------(0.000000, 0.000000, 0.000000) : 0
(4, 28)--------------------(0.000000, 0.000000, 0.000000) : 0
(3, 29)---------------(0.000000, 0.000000, 0.000000) : 0
(4, 30)--------------------(0.000000, 0.000000, 0.000000) : 0
(4, 31)--------------------(0.000000, 0.000000, 0.000000) : 0
(4, 32)--------------------(0.000000, 0.000000, 0.000000) : 0
(4, 33)--------------------(0.000000, 0.000000, 0.000000) : 0
(3, 34)---------------(0.000000, 0.000000, 0.000000) : 0
(4, 35)--------------------(0.000000, 0.000000, 0.000000) : 0
(4, 36)--------------------(0.000000, 0.000000, 0.000000) : 0
(4, 37)--------------------(0.000000, 0.000000, 0.000000) : 0
(4, 38)--------------------(0.000000, 0.000000, 0.000000) : 0
(3, 39)---------------(0.000000, 0.000000, 0.000000) : 0
(4, 40)--------------------(0.000000, 0.000000, 0.000000) : 0
(4, 41)--------------------(0.000000, 0.000000, 0.000000) : 0
(4, 42)--------------------(0.000000, 0.000000, 0.000000) : 0
(4, 43)--------------------(0.000000, 0.000000, 0.000000) : 0
(2, 44)----------(0.000000, 0.000000, 0.000000) : 0
(3, 45)---------------(0.000000, 0.000000, 0.000000) : 0
(4, 46)--------------------(0.000000, 0.000000, 0.000000) : 0
(4, 47)--------------------(0.000000, 0.000000, 0.000000) : 0
(4, 48)--------------------(0.000000, 0.000000, 0.000000) : 0
(4, 49)--------------------(0.000000, 0.000000, 0.000000) : 0
(3, 50)---------------(0.000000, 0.000000, 0.000000) : 0
(4, 51)--------------------(0.000000, 0.000000, 0.000000) : 0
(4, 52)--------------------(0.000000, 0.000000, 0.000000) : 0
(4, 53)--------------------(0.000000, 0.000000, 0.000000) : 0
(4, 54)--------------------(0.000000, 0.000000, 0.000000) : 0
(3, 55)---------------(0.000000, 0.000000, 0.000000) : 0
(4, 56)--------------------(0.000000, 0.000000, 0.000000) : 0
(4, 57)--------------------(0.000000, 0.000000, 0.000000) : 0
(4, 58)--------------------(0.000000, 0.000000, 0.000000) : 0
(4, 59)--------------------(0.000000, 0.000000, 0.000000) : 0
(3, 60)---------------(0.000000, 0.000000, 0.000000) : 0
(4, 61)--------------------(0.000000, 0.000000, 0.000000) : 0
(4, 62)--------------------(0.000000, 0.000000, 0.000000) : 0
(4, 63)--------------------(0.000000, 0.000000, 0.000000) : 0
(4, 64)--------------------(0.000000, 0.000000, 0.000000) : 0
(2, 65)----------(0.000000, 0.000000, 0.000000) : 0
(3, 66)---------------(0.000000, 0.000000, 0.000000) : 0
(4, 67)--------------------(0.000000, 0.000000, 0.000000) : 0
(4, 68)--------------------(0.000000, 0.000000, 0.000000) : 0
(4, 69)--------------------(0.000000, 0.000000, 0.000000) : 0
(4, 70)--------------------(0.000000, 0.000000, 0.000000) : 0
(3, 71)---------------(0.000000, 0.000000, 0.000000) : 0
(4, 72)--------------------(0.000000, 0.000000, 0.000000) : 0
(4, 73)--------------------(0.000000, 0.000000, 0.000000) : 0
(4, 74)--------------------(0.000000, 0.000000, 0.000000) : 0
(4, 75)--------------------(0.000000, 0.000000, 0.000000) : 0
(3, 76)---------------(0.000000, 0.000000, 0.000000) : 0
(4, 77)--------------------(0.000000, 0.000000, 0.000000) : 0
(4, 78)--------------------(0.000000, 0.000000, 0.000000) : 0
(4, 79)--------------------(0.000000, 0.000000, 0.000000) : 0
(4, 80)--------------------(0.000000, 0.000000, 0.000000) : 0
(3, 81)---------------(0.000000, 0.000000, 0.000000) : 0
(4, 82)--------------------(0.000000, 0.000000, 0.000000) : 0
(4, 83)--------------------(0.000000, 0.000000, 0.000000) : 0
(4, 84)--------------------(0.000000, 0.000000, 0.000000) : 0
(4, 85)--------------------(0.000000, 0.000000, 0.000000) : 0
(1, 86)-----(0.080514, 0.085405, 0.386485) : 14089624
(2, 87)----------(0.839216, 0.890196, 0.745098) : 14089832
(3, 88)---------------(0.000000, 0.000000, 0.000000) : 0
(4, 89)--------------------(0.000000, 0.000000, 0.000000) : 0
(4, 90)--------------------(0.000000, 0.000000, 0.000000) : 0
(4, 91)--------------------(0.000000, 0.000000, 0.000000) : 0
(4, 92)--------------------(0.000000, 0.000000, 0.000000) : 0
(3, 93)---------------(0.000000, 0.000000, 0.000000) : 0
(4, 94)--------------------(0.000000, 0.000000, 0.000000) : 0
(4, 95)--------------------(0.000000, 0.000000, 0.000000) : 0
(4, 96)--------------------(0.000000, 0.000000, 0.000000) : 0
(4, 97)--------------------(0.000000, 0.000000, 0.000000) : 0
(3, 98)---------------(0.000000, 0.000000, 0.000000) : 0
(4, 99)--------------------(0.000000, 0.000000, 0.000000) : 0
(4, 100)--------------------(0.000000, 0.000000, 0.000000) : 0
(4, 101)--------------------(0.000000, 0.000000, 0.000000) : 0
(4, 102)--------------------(0.000000, 0.000000, 0.000000) : 0
(3, 103)---------------(0.839216, 0.890196, 0.745098) : 14089520
(4, 104)--------------------(0.000000, 0.000000, 0.000000) : 0
(4, 105)--------------------(0.000000, 0.000000, 0.000000) : 0
(4, 106)--------------------(0.000000, 0.000000, 0.000000) : 0
(4, 107)--------------------(0.000000, 0.000000, 0.000000) : 0
(2, 108)----------(0.484603, 0.829042, 0.745255) : 14089832
(3, 109)---------------(0.839216, 0.890196, 0.745098) : 14090040
(4, 110)--------------------(0.000000, 0.000000, 0.000000) : 0
(4, 111)--------------------(0.000000, 0.000000, 0.000000) : 0
(4, 112)--------------------(0.000000, 0.000000, 0.000000) : 0
(4, 113)--------------------(0.839216, 0.890196, 0.745098) : 14089520
(3, 114)---------------(0.315000, 0.315000, 0.000000) : 14090040
(4, 115)--------------------(0.839216, 0.890196, 0.745098) : 14089936
(4, 116)--------------------(0.000000, 0.315000, 0.000000) : 14089936
(4, 117)--------------------(0.000000, 0.000000, 0.000000) : 0
(4, 118)--------------------(1.000000, 1.000000, 0.000000) : 14089936
(3, 119)---------------(0.000000, 0.000000, 0.000000) : 0
(4, 120)--------------------(0.000000, 0.000000, 0.000000) : 0
(4, 121)--------------------(0.000000, 0.000000, 0.000000) : 0
(4, 122)--------------------(0.000000, 0.000000, 0.000000) : 0
(4, 123)--------------------(0.000000, 0.000000, 0.000000) : 0
(3, 124)---------------(0.000000, 1.000000, 1.000000) : 14090040
(4, 125)--------------------(0.000000, 0.000000, 0.000000) : 0
(4, 126)--------------------(0.000000, 0.000000, 0.000000) : 0
(4, 127)--------------------(0.000000, 0.000000, 0.000000) : 0
(4, 128)--------------------(0.000000, 0.000000, 0.000000) : 0
(2, 129)----------(0.000000, 0.000000, 0.000000) : 0
(3, 130)---------------(0.000000, 0.000000, 0.000000) : 0
(4, 131)--------------------(0.000000, 0.000000, 0.000000) : 0
(4, 132)--------------------(0.000000, 0.000000, 0.000000) : 0
(4, 133)--------------------(0.000000, 0.000000, 0.000000) : 0
(4, 134)--------------------(0.000000, 0.000000, 0.000000) : 0
(3, 135)---------------(0.000000, 0.000000, 0.000000) : 0
(4, 136)--------------------(0.000000, 0.000000, 0.000000) : 0
(4, 137)--------------------(0.000000, 0.000000, 0.000000) : 0
(4, 138)--------------------(0.000000, 0.000000, 0.000000) : 0
(4, 139)--------------------(0.000000, 0.000000, 0.000000) : 0
(3, 140)---------------(0.000000, 0.000000, 0.000000) : 0
(4, 141)--------------------(0.000000, 0.000000, 0.000000) : 0
(4, 142)--------------------(0.000000, 0.000000, 0.000000) : 0
(4, 143)--------------------(0.000000, 0.000000, 0.000000) : 0
(4, 144)--------------------(0.000000, 0.000000, 0.000000) : 0
(3, 145)---------------(0.000000, 0.000000, 0.000000) : 0
(4, 146)--------------------(0.000000, 0.000000, 0.000000) : 0
(4, 147)--------------------(0.000000, 0.000000, 0.000000) : 0
(4, 148)--------------------(0.000000, 0.000000, 0.000000) : 0
(4, 149)--------------------(0.000000, 0.000000, 0.000000) : 0
(2, 150)----------(0.000000, 0.000000, 1.000000) : 14089832
(3, 151)---------------(0.000000, 0.000000, 0.000000) : 0
(4, 152)--------------------(0.000000, 0.000000, 0.000000) : 0
(4, 153)--------------------(0.000000, 0.000000, 0.000000) : 0
(4, 154)--------------------(0.000000, 0.000000, 0.000000) : 0
(4, 155)--------------------(0.000000, 0.000000, 0.000000) : 0
(3, 156)---------------(0.000000, 0.000000, 0.000000) : 0
(4, 157)--------------------(0.000000, 0.000000, 0.000000) : 0
(4, 158)--------------------(0.000000, 0.000000, 0.000000) : 0
(4, 159)--------------------(0.000000, 0.000000, 0.000000) : 0
(4, 160)--------------------(0.000000, 0.000000, 0.000000) : 0
(3, 161)---------------(0.000000, 0.000000, 0.000000) : 0
(4, 162)--------------------(0.000000, 0.000000, 0.000000) : 0
(4, 163)--------------------(0.000000, 0.000000, 0.000000) : 0
(4, 164)--------------------(0.000000, 0.000000, 0.000000) : 0
(4, 165)--------------------(0.000000, 0.000000, 0.000000) : 0
(3, 166)---------------(0.000000, 0.000000, 0.000000) : 0
(4, 167)--------------------(0.000000, 0.000000, 0.000000) : 0
(4, 168)--------------------(0.000000, 0.000000, 0.000000) : 0
(4, 169)--------------------(0.000000, 0.000000, 0.000000) : 0
(4, 170)--------------------(0.000000, 0.000000, 0.000000) : 0
(1, 171)-----(0.000000, 0.000000, 0.000000) : 0
(2, 172)----------(0.000000, 0.000000, 0.000000) : 0
(3, 173)---------------(0.000000, 0.000000, 0.000000) : 0
(4, 174)--------------------(0.000000, 0.000000, 0.000000) : 0
(4, 175)--------------------(0.000000, 0.000000, 0.000000) : 0
(4, 176)--------------------(0.000000, 0.000000, 0.000000) : 0
(4, 177)--------------------(0.000000, 0.000000, 0.000000) : 0
(3, 178)---------------(0.000000, 0.000000, 0.000000) : 0
(4, 179)--------------------(0.000000, 0.000000, 0.000000) : 0
(4, 180)--------------------(0.000000, 0.000000, 0.000000) : 0
(4, 181)--------------------(0.000000, 0.000000, 0.000000) : 0
(4, 182)--------------------(0.000000, 0.000000, 0.000000) : 0
(3, 183)---------------(0.000000, 0.000000, 0.000000) : 0
(4, 184)--------------------(0.000000, 0.000000, 0.000000) : 0
(4, 185)--------------------(0.000000, 0.000000, 0.000000) : 0
(4, 186)--------------------(0.000000, 0.000000, 0.000000) : 0
(4, 187)--------------------(0.000000, 0.000000, 0.000000) : 0
(3, 188)---------------(0.000000, 0.000000, 0.000000) : 0
(4, 189)--------------------(0.000000, 0.000000, 0.000000) : 0
(4, 190)--------------------(0.000000, 0.000000, 0.000000) : 0
(4, 191)--------------------(0.000000, 0.000000, 0.000000) : 0
(4, 192)--------------------(0.000000, 0.000000, 0.000000) : 0
(2, 193)----------(0.000000, 0.000000, 0.000000) : 0
(3, 194)---------------(0.000000, 0.000000, 0.000000) : 0
(4, 195)--------------------(0.000000, 0.000000, 0.000000) : 0
(4, 196)--------------------(0.000000, 0.000000, 0.000000) : 0
(4, 197)--------------------(0.000000, 0.000000, 0.000000) : 0
(4, 198)--------------------(0.000000, 0.000000, 0.000000) : 0
(3, 199)---------------(0.000000, 0.000000, 0.000000) : 0
(4, 200)--------------------(0.000000, 0.000000, 0.000000) : 0
(4, 201)--------------------(0.000000, 0.000000, 0.000000) : 0
(4, 202)--------------------(0.000000, 0.000000, 0.000000) : 0
(4, 203)--------------------(0.000000, 0.000000, 0.000000) : 0
(3, 204)---------------(0.000000, 0.000000, 0.000000) : 0
(4, 205)--------------------(0.000000, 0.000000, 0.000000) : 0
(4, 206)--------------------(0.000000, 0.000000, 0.000000) : 0
(4, 207)--------------------(0.000000, 0.000000, 0.000000) : 0
(4, 208)--------------------(0.000000, 0.000000, 0.000000) : 0
(3, 209)---------------(0.000000, 0.000000, 0.000000) : 0
(4, 210)--------------------(0.000000, 0.000000, 0.000000) : 0
(4, 211)--------------------(0.000000, 0.000000, 0.000000) : 0
(4, 212)--------------------(0.000000, 0.000000, 0.000000) : 0
(4, 213)--------------------(0.000000, 0.000000, 0.000000) : 0
(2, 214)----------(0.000000, 0.000000, 0.000000) : 0
(3, 215)---------------(0.000000, 0.000000, 0.000000) : 0
(4, 216)--------------------(0.000000, 0.000000, 0.000000) : 0
(4, 217)--------------------(0.000000, 0.000000, 0.000000) : 0
(4, 218)--------------------(0.000000, 0.000000, 0.000000) : 0
(4, 219)--------------------(0.000000, 0.000000, 0.000000) : 0
(3, 220)---------------(0.000000, 0.000000, 0.000000) : 0
(4, 221)--------------------(0.000000, 0.000000, 0.000000) : 0
(4, 222)--------------------(0.000000, 0.000000, 0.000000) : 0
(4, 223)--------------------(0.000000, 0.000000, 0.000000) : 0
(4, 224)--------------------(0.000000, 0.000000, 0.000000) : 0
(3, 225)---------------(0.000000, 0.000000, 0.000000) : 0
(4, 226)--------------------(0.000000, 0.000000, 0.000000) : 0
(4, 227)--------------------(0.000000, 0.000000, 0.000000) : 0
(4, 228)--------------------(0.000000, 0.000000, 0.000000) : 0
(4, 229)--------------------(0.000000, 0.000000, 0.000000) : 0
(3, 230)---------------(0.000000, 0.000000, 0.000000) : 0
(4, 231)--------------------(0.000000, 0.000000, 0.000000) : 0
(4, 232)--------------------(0.000000, 0.000000, 0.000000) : 0
(4, 233)--------------------(0.000000, 0.000000, 0.000000) : 0
(4, 234)--------------------(0.000000, 0.000000, 0.000000) : 0
(2, 235)----------(0.000000, 0.000000, 0.000000) : 0
(3, 236)---------------(0.000000, 0.000000, 0.000000) : 0
(4, 237)--------------------(0.000000, 0.000000, 0.000000) : 0
(4, 238)--------------------(0.000000, 0.000000, 0.000000) : 0
(4, 239)--------------------(0.000000, 0.000000, 0.000000) : 0
(4, 240)--------------------(0.000000, 0.000000, 0.000000) : 0
(3, 241)---------------(0.000000, 0.000000, 0.000000) : 0
(4, 242)--------------------(0.000000, 0.000000, 0.000000) : 0
(4, 243)--------------------(0.000000, 0.000000, 0.000000) : 0
(4, 244)--------------------(0.000000, 0.000000, 0.000000) : 0
(4, 245)--------------------(0.000000, 0.000000, 0.000000) : 0
(3, 246)---------------(0.000000, 0.000000, 0.000000) : 0
(4, 247)--------------------(0.000000, 0.000000, 0.000000) : 0
(4, 248)--------------------(0.000000, 0.000000, 0.000000) : 0
(4, 249)--------------------(0.000000, 0.000000, 0.000000) : 0
(4, 250)--------------------(0.000000, 0.000000, 0.000000) : 0
(3, 251)---------------(0.000000, 0.000000, 0.000000) : 0
(4, 252)--------------------(0.000000, 0.000000, 0.000000) : 0
(4, 253)--------------------(0.000000, 0.000000, 0.000000) : 0
(4, 254)--------------------(0.000000, 0.000000, 0.000000) : 0
(4, 255)--------------------(0.000000, 0.000000, 0.000000) : 0
(1, 256)-----(1.000000, 0.000000, 0.000000) : 14089624
(2, 257)----------(0.000000, 0.000000, 0.000000) : 0
(3, 258)---------------(0.000000, 0.000000, 0.000000) : 0
(4, 259)--------------------(0.000000, 0.000000, 0.000000) : 0
(4, 260)--------------------(0.000000, 0.000000, 0.000000) : 0
(4, 261)--------------------(0.000000, 0.000000, 0.000000) : 0
(4, 262)--------------------(0.000000, 0.000000, 0.000000) : 0
(3, 263)---------------(0.000000, 0.000000, 0.000000) : 0
(4, 264)--------------------(0.000000, 0.000000, 0.000000) : 0
(4, 265)--------------------(0.000000, 0.000000, 0.000000) : 0
(4, 266)--------------------(0.000000, 0.000000, 0.000000) : 0
(4, 267)--------------------(0.000000, 0.000000, 0.000000) : 0
(3, 268)---------------(0.000000, 0.000000, 0.000000) : 0
(4, 269)--------------------(0.000000, 0.000000, 0.000000) : 0
(4, 270)--------------------(0.000000, 0.000000, 0.000000) : 0
(4, 271)--------------------(0.000000, 0.000000, 0.000000) : 0
(4, 272)--------------------(0.000000, 0.000000, 0.000000) : 0
(3, 273)---------------(0.000000, 0.000000, 0.000000) : 0
(4, 274)--------------------(0.000000, 0.000000, 0.000000) : 0
(4, 275)--------------------(0.000000, 0.000000, 0.000000) : 0
(4, 276)--------------------(0.000000, 0.000000, 0.000000) : 0
(4, 277)--------------------(0.000000, 0.000000, 0.000000) : 0
(2, 278)----------(0.000000, 0.000000, 0.000000) : 0
(3, 279)---------------(0.000000, 0.000000, 0.000000) : 0
(4, 280)--------------------(0.000000, 0.000000, 0.000000) : 0
(4, 281)--------------------(0.000000, 0.000000, 0.000000) : 0
(4, 282)--------------------(0.000000, 0.000000, 0.000000) : 0
(4, 283)--------------------(0.000000, 0.000000, 0.000000) : 0
(3, 284)---------------(0.000000, 0.000000, 0.000000) : 0
(4, 285)--------------------(0.000000, 0.000000, 0.000000) : 0
(4, 286)--------------------(0.000000, 0.000000, 0.000000) : 0
(4, 287)--------------------(0.000000, 0.000000, 0.000000) : 0
(4, 288)--------------------(0.000000, 0.000000, 0.000000) : 0
(3, 289)---------------(0.000000, 0.000000, 0.000000) : 0
(4, 290)--------------------(0.000000, 0.000000, 0.000000) : 0
(4, 291)--------------------(0.000000, 0.000000, 0.000000) : 0
(4, 292)--------------------(0.000000, 0.000000, 0.000000) : 0
(4, 293)--------------------(0.000000, 0.000000, 0.000000) : 0
(3, 294)---------------(0.000000, 0.000000, 0.000000) : 0
(4, 295)--------------------(0.000000, 0.000000, 0.000000) : 0
(4, 296)--------------------(0.000000, 0.000000, 0.000000) : 0
(4, 297)--------------------(0.000000, 0.000000, 0.000000) : 0
(4, 298)--------------------(0.000000, 0.000000, 0.000000) : 0
(2, 299)----------(0.000000, 0.000000, 0.000000) : 0
(3, 300)---------------(0.000000, 0.000000, 0.000000) : 0
(4, 301)--------------------(0.000000, 0.000000, 0.000000) : 0
(4, 302)--------------------(0.000000, 0.000000, 0.000000) : 0
(4, 303)--------------------(0.000000, 0.000000, 0.000000) : 0
(4, 304)--------------------(0.000000, 0.000000, 0.000000) : 0
(3, 305)---------------(0.000000, 0.000000, 0.000000) : 0
(4, 306)--------------------(0.000000, 0.000000, 0.000000) : 0
(4, 307)--------------------(0.000000, 0.000000, 0.000000) : 0
(4, 308)--------------------(0.000000, 0.000000, 0.000000) : 0
(4, 309)--------------------(0.000000, 0.000000, 0.000000) : 0
(3, 310)---------------(0.000000, 0.000000, 0.000000) : 0
(4, 311)--------------------(0.000000, 0.000000, 0.000000) : 0
(4, 312)--------------------(0.000000, 0.000000, 0.000000) : 0
(4, 313)--------------------(0.000000, 0.000000, 0.000000) : 0
(4, 314)--------------------(0.000000, 0.000000, 0.000000) : 0
(3, 315)---------------(0.000000, 0.000000, 0.000000) : 0
(4, 316)--------------------(0.000000, 0.000000, 0.000000) : 0
(4, 317)--------------------(0.000000, 0.000000, 0.000000) : 0
(4, 318)--------------------(0.000000, 0.000000, 0.000000) : 0
(4, 319)--------------------(0.000000, 0.000000, 0.000000) : 0
(2, 320)----------(0.000000, 0.000000, 0.000000) : 0
(3, 321)---------------(0.000000, 0.000000, 0.000000) : 0
(4, 322)--------------------(0.000000, 0.000000, 0.000000) : 0
(4, 323)--------------------(0.000000, 0.000000, 0.000000) : 0
(4, 324)--------------------(0.000000, 0.000000, 0.000000) : 0
(4, 325)--------------------(0.000000, 0.000000, 0.000000) : 0
(3, 326)---------------(0.000000, 0.000000, 0.000000) : 0
(4, 327)--------------------(0.000000, 0.000000, 0.000000) : 0
(4, 328)--------------------(0.000000, 0.000000, 0.000000) : 0
(4, 329)--------------------(0.000000, 0.000000, 0.000000) : 0
(4, 330)--------------------(0.000000, 0.000000, 0.000000) : 0
(3, 331)---------------(0.000000, 0.000000, 0.000000) : 0
(4, 332)--------------------(0.000000, 0.000000, 0.000000) : 0
(4, 333)--------------------(0.000000, 0.000000, 0.000000) : 0
(4, 334)--------------------(0.000000, 0.000000, 0.000000) : 0
(4, 335)--------------------(0.000000, 0.000000, 0.000000) : 0
(3, 336)---------------(0.000000, 0.000000, 0.000000) : 0
(4, 337)--------------------(0.000000, 0.000000, 0.000000) : 0
(4, 338)--------------------(0.000000, 0.000000, 0.000000) : 0
(4, 339)--------------------(0.000000, 0.000000, 0.000000) : 0
(4, 340)--------------------(0.000000, 0.000000, 0.000000) : 0
