Pixel (X, Y):
(100, 100)

Test World:
11073952

Sources:
0 --> 11941056

Objects:
0 --> 11941056
1 --> 11996936
2 --> 19057768
3 --> 19058080
4 --> 12000920
5 --> 11999672
6 --> 12001544
7 --> 12001752

==========================

(0, 0)(0.007631, 0.007631, 0.012111) : 11073952
(1, 1)-----(0.000000, 0.000000, 0.000000) : 0
(2, 2)----------(0.000000, 0.000000, 0.000000) : 0
(2, 3)----------(0.000000, 0.000000, 0.000000) : 0
(2, 4)----------(0.000000, 0.000000, 0.000000) : 0
(2, 5)----------(0.000000, 0.000000, 0.000000) : 0
(1, 6)-----(0.058824, 0.058824, 0.098039) : 11996936
(2, 7)----------(0.000000, 0.000000, 0.000000) : 0
(2, 8)----------(0.000000, 0.000000, 0.000000) : 0
(2, 9)----------(0.000000, 0.000000, 0.000000) : 0
(2, 10)----------(0.588235, 0.588235, 0.980392) : 12000920
(1, 11)-----(0.023073, 0.023073, 0.038434) : 11996936
(2, 12)----------(0.000000, 0.000000, 0.000000) : 0
(2, 13)----------(0.000000, 0.000000, 0.000000) : 11996936
(2, 14)----------(0.058824, 0.058824, 0.098039) : 11996936
(2, 15)----------(0.000000, 0.000000, 0.000000) : 0
(1, 16)-----(0.000000, 0.000000, 0.000000) : 0
(2, 17)----------(0.000000, 0.000000, 0.000000) : 0
(2, 18)----------(0.000000, 0.000000, 0.000000) : 0
(2, 19)----------(0.000000, 0.000000, 0.000000) : 0
(2, 20)----------(0.000000, 0.000000, 0.000000) : 0
